0.945252300390848399   0
0.945416511760331923   0.000335611598833623079
0.945580723129815448   0.000671223197667246158
0.945744934499298973   0.00100683479650086924
0.945909145868782608   0.00134244639533449232
0.946073357238266133   0.0016780579941681154
0.946237568607749657   0.00201366959300173847
0.946401779977233182   0.00234928119183536177
0.946565991346716706   0.00268489279066898463
0.946730202716200231   0.0030205043895026075
0.946894414085683866   0.00335611598833623079
0.947058625455167391   0.00369172758716985409
0.947222836824650916   0.00402733918600347695
0.94738704819413444   0.00436295078483709981
0.947551259563617965   0.00469856238367072354
0.947715470933101489   0.0050341739825043464
0.947879682302585125   0.00536978558133796927
0.948043893672068649   0.00570539718017159213
0.948208105041552174   0.00604100877900521499
0.948372316411035698   0.00637662037783883872
0.948536527780519223   0.00671223197667246158
0.948700739150002748   0.00704784357550608444
0.948864950519486272   0.00738345517433970817
0.949029161888969908   0.00771906677317333104
0.949193373258453432   0.0080546783720069539
0.949357584627936957   0.00839028997084057676
0.949521795997420481   0.00872590156967419962
0.949686007366904006   0.00906151316850782249
0.94985021873638753   0.00939712476734144708
0.950014430105871166   0.00973273636617506994
0.950178641475354691   0.0100683479650086928
0.950342852844838215   0.0104039595638423157
0.95050706421432174   0.0107395711626759385
0.950671275583805264   0.0110751827615095614
0.950835486953288789   0.0114107943603431843
0.950999698322772313   0.0117464059591768071
0.951163909692255949   0.01208201755801043
0.951328121061739473   0.0124176291568440546
0.951492332431222998   0.0127532407556776774
0.951656543800706523   0.0130888523545113003
0.951820755170190047   0.0134244639533449232
0.951984966539673572   0.013760075552178546
0.952149177909157207   0.0140956871510121689
0.952313389278640732   0.0144312987498457918
0.952477600648124256   0.0147669103486794163
0.952641812017607781   0.0151025219475130392
0.952806023387091305   0.0154381335463466621
0.95297023475657483   0.0157737451451802832
0.953134446126058466   0.0161093567440139078
0.95329865749554199   0.0164449683428475324
0.953462868865025515   0.0167805799416811535
0.953627080234509039   0.0171161915405147781
0.953791291603992564   0.0174518031393483992
0.953955502973476088   0.0177874147381820238
0.954119714342959613   0.018123026337015645
0.954283925712443248   0.0184586379358492696
0.954448137081926773   0.0187942495346828942
0.954612348451410297   0.0191298611335165153
0.954776559820893822   0.0194654727323501399
0.954940771190377347   0.019801084331183761
0.955104982559860871   0.0201366959300173856
0.955269193929344507   0.0204723075288510067
0.955433405298828031   0.0208079191276846313
0.955597616668311556   0.0211435307265182525
0.95576182803779508   0.0214791423253518771
0.955926039407278605   0.0218147539241855017
0.956090250776762129   0.0221503655230191228
0.956254462146245765   0.0224859771218527474
0.95641867351572929   0.0228215887206863685
0.956582884885212814   0.0231572003195199931
0.956747096254696339   0.0234928119183536142
0.956911307624179863   0.0238284235171872388
0.957075518993663388   0.02416403511602086
0.957239730363146912   0.0244996467148544846
0.957403941732630548   0.0248352583136881092
0.957568153102114072   0.0251708699125217303
0.957732364471597597   0.0255064815113553549
0.957896575841081122   0.025842093110188976
0.958060787210564646   0.0261777047090226006
0.958224998580048171   0.0265133163078562217
0.958389209949531806   0.0268489279066898463
0.958553421319015331   0.0271845395055234709
0.958717632688498855   0.0275201511043570921
0.95888184405798238   0.0278557627031907167
0.959046055427465904   0.0281913743020243378
0.959210266796949429   0.0285269859008579624
0.959374478166433065   0.0288625974996915835
0.959538689535916589   0.0291982090985252081
0.959702900905400114   0.0295338206973588327
0.959867112274883638   0.0298694322961924538
0.960031323644367163   0.0302050438950260784
0.960195535013850687   0.0305406554938596995
0.960359746383334212   0.0308762670926933241
0.960523957752817847   0.0312118786915269453
0.960688169122301372   0.0315474902903605664
0.960852380491784896   0.0318831018891941945
0.961016591861268421   0.0322187134880278156
0.961180803230751946   0.0325543250868614367
0.96134501460023547   0.0328899366856950648
0.961509225969719106   0.0332255482845286859
0.96167343733920263   0.033561159883362307
0.961837648708686155   0.0338967714821959282
0.962001860078169679   0.0342323830810295562
0.962166071447653204   0.0345679946798631774
0.962330282817136728   0.0349036062786967985
0.962494494186620253   0.0352392178775304266
0.962658705556103889   0.0355748294763640477
0.962822916925587413   0.0359104410751976688
0.962987128295070938   0.0362460526740312899
0.963151339664554462   0.036581664272864918
0.963315551034037987   0.0369172758716985391
0.963479762403521511   0.0372528874705321603
0.963643973773005147   0.0375884990693657883
0.963808185142488671   0.0379241106681994095
0.963972396511972196   0.0382597222670330306
0.964136607881455721   0.0385953338658666517
0.964300819250939245   0.0389309454647002798
0.96446503062042277   0.0392665570635339009
0.964629241989906405   0.039602168662367522
0.96479345335938993   0.0399377802612011432
0.964957664728873454   0.0402733918600347712
0.965121876098356979   0.0406090034588683924
0.965286087467840503   0.0409446150577020135
0.965450298837324028   0.0412802266565356415
0.965614510206807553   0.0416158382553692627
0.965778721576291188   0.0419514498542028838
0.965942932945774713   0.0422870614530365049
0.966107144315258237   0.042622673051870133
0.966271355684741762   0.0429582846507037541
0.966435567054225286   0.0432938962495373753
0.966599778423708811   0.0436295078483710033
0.966763989793192446   0.0439651194472046244
0.966928201162675971   0.0443007310460382456
0.967092412532159496   0.0446363426448718667
0.96725662390164302   0.0449719542437054948
0.967420835271126545   0.0453075658425391159
0.967585046640610069   0.045643177441372737
0.967749258010093705   0.0459787890402063651
0.967913469379577229   0.0463144006390399862
0.968077680749060754   0.0466500122378736073
0.968241892118544278   0.0469856238367072285
0.968406103488027803   0.0473212354355408565
0.968570314857511327   0.0476568470343744777
0.968734526226994852   0.0479924586332080988
0.968898737596478488   0.0483280702320417199
0.969062948965962012   0.048663681830875348
0.969227160335445537   0.0489992934297089691
0.969391371704929061   0.0493349050285425902
0.969555583074412586   0.0496705166273762183
0.96971979444389611   0.0500061282262098394
0.969884005813379746   0.0503417398250434606
0.97004821718286327   0.0506773514238770817
0.970212428552346795   0.0510129630227107098
0.97037663992183032   0.0513485746215443309
0.970540851291313844   0.051684186220377952
0.970705062660797369   0.0520197978192115801
0.970869274030280893   0.0523554094180452012
0.971033485399764529   0.0526910210168788223
0.971197696769248053   0.0530266326157124435
0.971361908138731578   0.0533622442145460715
0.971526119508215102   0.0536978558133796927
0.971690330877698627   0.0540334674122133138
0.971854542247182152   0.0543690790110469419
0.972018753616665787   0.054704690609880563
0.972182964986149312   0.0550403022087141841
0.972347176355632836   0.0553759138075478052
0.972511387725116361   0.0557115254063814333
0.972675599094599885   0.0560471370052150544
0.97283981046408341   0.0563827486040486756
0.973004021833567045   0.0567183602028823036
0.97316823320305057   0.0570539718017159247
0.973332444572534095   0.0573895834005495459
0.973496655942017619   0.057725194999383167
0.973660867311501144   0.0580608065982167951
0.973825078680984668   0.0583964181970504162
0.973989290050468193   0.0587320297958840373
0.974153501419951828   0.0590676413947176654
0.974317712789435353   0.0594032529935512865
0.974481924158918877   0.0597388645923849076
0.974646135528402402   0.0600744761912185288
0.974810346897885927   0.0604100877900521568
0.974974558267369451   0.060745699388885778
0.975138769636853087   0.0610813109877193991
0.975302981006336611   0.0614169225865530202
0.975467192375820136   0.0617525341853866483
0.97563140374530366   0.0620881457842202694
0.975795615114787185   0.0624237573830538905
0.975959826484270709   0.0627593689818875117
0.976124037853754345   0.0630949805807211328
0.97628824922323787   0.0634305921795547678
0.976452460592721394   0.0637662037783883889
0.976616671962204919   0.0641018153772220101
0.976780883331688443   0.0644374269760556312
0.976945094701171968   0.0647730385748892523
0.977109306070655492   0.0651086501737228734
0.977273517440139128   0.0654442617725564946
0.977437728809622652   0.0657798733713901296
0.977601940179106177   0.0661154849702237507
0.977766151548589701   0.0664510965690573718
0.977930362918073226   0.066786708167890993
0.978094574287556751   0.0671223197667246141
0.978258785657040386   0.0674579313655582352
0.978422997026523911   0.0677935429643918563
0.978587208396007435   0.0681291545632254913
0.97875141976549096   0.0684647661620591125
0.978915631134974484   0.0688003777608927336
0.979079842504458009   0.0691359893597263547
0.979244053873941533   0.0694716009585599759
0.979408265243425169   0.069807212557393597
0.979572476612908694   0.0701428241562272181
0.979736687982392218   0.0704784357550608531
0.979900899351875743   0.0708140473538944742
0.980065110721359267   0.0711496589527280954
0.980229322090842792   0.0714852705515617165
0.980393533460326427   0.0718208821503953376
0.980557744829809952   0.0721564937492289588
0.980721956199293476   0.0724921053480625799
0.980886167568777001   0.0728277169468962149
0.981050378938260526   0.073163328545729836
0.98121459030774405   0.0734989401445634571
0.981378801677227686   0.0738345517433970783
0.98154301304671121   0.0741701633422306994
0.981707224416194735   0.0745057749410643205
0.981871435785678259   0.0748413865398979417
0.982035647155161784   0.0751769981387315767
0.982199858524645308   0.0755126097375651978
0.982364069894128944   0.0758482213363988189
0.982528281263612469   0.07618383293523244
0.982692492633095993   0.0765194445340660612
0.982856704002579518   0.0768550561328996823
0.983020915372063042   0.0771906677317333034
0.983185126741546567   0.0775262793305669246
0.983349338111030091   0.0778618909294005596
0.983513549480513727   0.0781975025282341807
0.983677760849997251   0.0785331141270678018
0.983841972219480776   0.0788687257259014229
0.9840061835889643   0.0792043373247350441
0.984170394958447825   0.0795399489235686652
0.98433460632793135   0.0798755605224022863
0.984498817697414985   0.0802111721212359213
0.98466302906689851   0.0805467837200695425
0.984827240436382034   0.0808823953189031636
0.984991451805865559   0.0812180069177367847
0.985155663175349083   0.0815536185165704058
0.985319874544832608   0.081889230115404027
0.985484085914316132   0.0822248417142376481
0.985648297283799768   0.0825604533130712831
0.985812508653283293   0.0828960649119049042
0.985976720022766817   0.0832316765107385254
0.986140931392250342   0.0835672881095721465
0.986305142761733866   0.0839028997084057676
0.986469354131217391   0.0842385113072393887
0.986633565500701026   0.0845741229060730099
0.986797776870184551   0.0849097345049066449
0.986961988239668075   0.085245346103740266
0.9871261996091516   0.0855809577025738871
