0.945027947768398269   0.000000000000000000
0.945187438374136324   0.001158300789264248
0.945346928979874379   0.002316601578528496
0.945506419585612434   0.003474902367792744
0.945665910191350489   0.004633203157056992
0.945825400797088545   0.005791503946321240
0.945984891402826600   0.006949804735585489
0.946144382008564655   0.008108105524849736
0.946303872614302710   0.009266406314113984
0.946463363220040765   0.010424707103378233
0.946622853825778821   0.011583007892642480
0.946782344431516876   0.012741308681906729
0.946941835037254931   0.013899609471170978
0.947101325642992986   0.015057910260435224
0.947260816248731041   0.016216211049699471
0.947420306854469096   0.017374511838963720
0.947579797460207152   0.018532812628227969
0.947739288065945207   0.019691113417492218
0.947898778671683262   0.020849414206756466
0.948058269277421317   0.022007714996020711
0.948217759883159372   0.023166015785284960
0.948377250488897428   0.024324316574549209
0.948536741094635483   0.025482617363813458
0.948696231700373538   0.026640918153077706
0.948855722306111593   0.027799218942341955
0.949015212911849648   0.028957519731606200
0.949174703517587592   0.030115820520870449
0.949334194123325648   0.031274121310134698
0.949493684729063703   0.032432422099398943
0.949653175334801758   0.033590722888663195
0.949812665940539813   0.034749023677927440
0.949972156546277868   0.035907324467191692
0.950131647152015923   0.037065625256455938
0.950291137757753979   0.038223926045720183
0.950450628363492034   0.039382226834984435
0.950610118969230089   0.040540527624248680
0.950769609574968144   0.041698828413512933
0.950929100180706199   0.042857129202777178
0.951088590786444255   0.044015429992041423
0.951248081392182310   0.045173730781305675
0.951407571997920365   0.046332031570569920
0.951567062603658420   0.047490332359834173
0.951726553209396475   0.048648633149098418
0.951886043815134530   0.049806933938362663
0.952045534420872586   0.050965234727626915
0.952205025026610641   0.052123535516891160
0.952364515632348696   0.053281836306155413
0.952524006238086751   0.054440137095419658
0.952683496843824806   0.055598437884683910
0.952842987449562862   0.056756738673948155
0.953002478055300917   0.057915039463212400
0.953161968661038972   0.059073340252476653
0.953321459266777027   0.060231641041740898
0.953480949872515082   0.061389941831005150
0.953640440478253137   0.062548242620269395
0.953799931083991193   0.063706543409533647
0.953959421689729248   0.064864844198797886
0.954118912295467303   0.066023144988062138
0.954278402901205358   0.067181445777326390
0.954437893506943413   0.068339746566590628
0.954597384112681469   0.069498047355854881
0.954756874718419524   0.070656348145119133
0.954916365324157579   0.071814648934383385
0.955075855929895634   0.072972949723647623
0.955235346535633689   0.074131250512911875
0.955394837141371744   0.075289551302176128
0.955554327747109800   0.076447852091440366
0.955713818352847855   0.077606152880704618
0.955873308958585910   0.078764453669968870
0.956032799564323965   0.079922754459233122
0.956192290170062020   0.081081055248497361
0.956351780775800075   0.082239356037761613
0.956511271381538131   0.083397656827025865
0.956670761987276186   0.084555957616290103
0.956830252593014241   0.085714258405554355
0.956989743198752296   0.086872559194818608
0.957149233804490351   0.088030859984082846
0.957308724410228296   0.089189160773347098
0.957468215015966351   0.090347461562611350
0.957627705621704406   0.091505762351875602
0.957787196227442461   0.092664063141139841
0.957946686833180516   0.093822363930404093
0.958106177438918571   0.094980664719668345
0.958265668044656627   0.096138965508932583
0.958425158650394682   0.097297266298196836
0.958584649256132737   0.098455567087461088
0.958744139861870792   0.099613867876725326
0.958903630467608847   0.100772168665989578
0.959063121073346903   0.101930469455253830
0.959222611679084958   0.103088770244518083
0.959382102284823013   0.104247071033782321
0.959541592890561068   0.105405371823046573
0.959701083496299123   0.106563672612310825
0.959860574102037178   0.107721973401575064
0.960020064707775234   0.108880274190839316
0.960179555313513289   0.110038574980103568
0.960339045919251344   0.111196875769367820
0.960498536524989399   0.112355176558632058
0.960658027130727454   0.113513477347896310
0.960817517736465510   0.114671778137160563
0.960977008342203565   0.115830078926424801
0.961136498947941620   0.116988379715689053
0.961295989553679675   0.118146680504953305
0.961455480159417730   0.119304981294217544
0.961614970765155785   0.120463282083481796
0.961774461370893841   0.121621582872746048
0.961933951976631896   0.122779883662010300
0.962093442582369951   0.123938184451274538
0.962252933188108006   0.125096485240538791
0.962412423793846061   0.126254786029803029
0.962571914399584116   0.127413086819067295
0.962731405005322172   0.128571387608331533
0.962890895611060227   0.129729688397595772
0.963050386216798282   0.130887989186860038
0.963209876822536337   0.132046289976124276
0.963369367428274392   0.133204590765388514
0.963528858034012448   0.134362891554652780
0.963688348639750503   0.135521192343917019
0.963847839245488558   0.136679493133181257
0.964007329851226613   0.137837793922445523
0.964166820456964668   0.138996094711709761
0.964326311062702723   0.140154395500974027
0.964485801668440779   0.141312696290238266
0.964645292274178834   0.142470997079502504
0.964804782879916889   0.143629297868766770
0.964964273485654944   0.144787598658031008
0.965123764091392999   0.145945899447295246
0.965283254697131055   0.147104200236559512
0.965442745302869110   0.148262501025823751
0.965602235908607054   0.149420801815087989
0.965761726514345109   0.150579102604352255
0.965921217120083164   0.151737403393616493
0.966080707725821219   0.152895704182880732
0.966240198331559275   0.154054004972144998
0.966399688937297330   0.155212305761409236
0.966559179543035385   0.156370606550673474
0.966718670148773440   0.157528907339937740
0.966878160754511495   0.158687208129201979
0.967037651360249551   0.159845508918466245
0.967197141965987606   0.161003809707730483
0.967356632571725661   0.162162110496994721
0.967516123177463716   0.163320411286258987
0.967675613783201771   0.164478712075523226
0.967835104388939826   0.165637012864787464
0.967994594994677882   0.166795313654051730
0.968154085600415937   0.167953614443315968
0.968313576206153992   0.169111915232580207
0.968473066811892047   0.170270216021844473
0.968632557417630102   0.171428516811108711
0.968792048023368157   0.172586817600372949
0.968951538629106213   0.173745118389637215
0.969111029234844268   0.174903419178901454
0.969270519840582323   0.176061719968165692
0.969430010446320378   0.177220020757429958
0.969589501052058433   0.178378321546694196
0.969748991657796489   0.179536622335958435
0.969908482263534544   0.180694923125222701
0.970067972869272599   0.181853223914486939
0.970227463475010654   0.183011524703751205
0.970386954080748709   0.184169825493015443
0.970546444686486764   0.185328126282279682
0.970705935292224820   0.186486427071543948
0.970865425897962875   0.187644727860808186
0.971024916503700930   0.188803028650072424
0.971184407109438985   0.189961329439336690
0.971343897715177040   0.191119630228600929
0.971503388320915096   0.192277931017865167
0.971662878926653151   0.193436231807129433
0.971822369532391206   0.194594532596393671
0.971981860138129261   0.195752833385657909
0.972141350743867316   0.196911134174922176
0.972300841349605371   0.198069434964186414
0.972460331955343427   0.199227735753450652
0.972619822561081482   0.200386036542714918
0.972779313166819537   0.201544337331979156
0.972938803772557592   0.202702638121243423
0.973098294378295647   0.203860938910507661
0.973257784984033703   0.205019239699771899
0.973417275589771758   0.206177540489036165
0.973576766195509702   0.207335841278300403
0.973736256801247757   0.208494142067564642
0.973895747406985812   0.209652442856828908
0.974055238012723867   0.210810743646093146
0.974214728618461923   0.211969044435357384
0.974374219224199978   0.213127345224621650
0.974533709829938033   0.214285646013885889
0.974693200435676088   0.215443946803150127
0.974852691041414143   0.216602247592414393
0.975012181647152198   0.217760548381678631
0.975171672252890254   0.218918849170942870
0.975331162858628309   0.220077149960207136
0.975490653464366364   0.221235450749471374
0.975650144070104419   0.222393751538735640
0.975809634675842474   0.223552052327999878
0.975969125281580530   0.224710353117264117
0.976128615887318585   0.225868653906528383
0.976288106493056640   0.227026954695792621
0.976447597098794695   0.228185255485056859
0.976607087704532750   0.229343556274321125
0.976766578310270805   0.230501857063585364
0.976926068916008861   0.231660157852849602
0.977085559521746916   0.232818458642113868
0.977245050127484971   0.233976759431378106
0.977404540733223026   0.235135060220642345
0.977564031338961081   0.236293361009906611
0.977723521944699137   0.237451661799170849
0.977883012550437192   0.238609962588435087
0.978042503156175247   0.239768263377699353
0.978201993761913302   0.240926564166963592
0.978361484367651357   0.242084864956227830
0.978520974973389412   0.243243165745492096
0.978680465579127468   0.244401466534756334
0.978839956184865523   0.245559767324020600
0.978999446790603578   0.246718068113284839
0.979158937396341633   0.247876368902549077
0.979318428002079688   0.249034669691813343
0.979477918607817744   0.250192970481077581
0.979637409213555799   0.251351271270341847
0.979796899819293854   0.252509572059606058
0.979956390425031909   0.253667872848870324
0.980115881030769964   0.254826173638134590
0.980275371636508019   0.255984474427398800
0.980434862242246075   0.257142775216663066
0.980594352847984130   0.258301076005927333
0.980753843453722185   0.259459376795191543
0.980913334059460240   0.260617677584455809
0.981072824665198295   0.261775978373720075
0.981232315270936351   0.262934279162984286
0.981391805876674406   0.264092579952248552
0.981551296482412461   0.265250880741512818
0.981710787088150516   0.266409181530777028
0.981870277693888571   0.267567482320041294
0.982029768299626626   0.268725783109305560
0.982189258905364571   0.269884083898569771
0.982348749511102626   0.271042384687834037
0.982508240116840681   0.272200685477098303
0.982667730722578736   0.273358986266362514
0.982827221328316791   0.274517287055626780
0.982986711934054846   0.275675587844891046
0.983146202539792902   0.276833888634155312
0.983305693145530957   0.277992189423419522
0.983465183751269012   0.279150490212683788
0.983624674357007067   0.280308791001948054
0.983784164962745122   0.281467091791212265
0.983943655568483178   0.282625392580476531
0.984103146174221233   0.283783693369740797
0.984262636779959288   0.284941994159005008
0.984422127385697343   0.286100294948269274
0.984581617991435398   0.287258595737533540
0.984741108597173453   0.288416896526797750
0.984900599202911509   0.289575197316062016
0.985060089808649564   0.290733498105326282
0.985219580414387619   0.291891798894590493
0.985379071020125674   0.293050099683854759
0.985538561625863729   0.294208400473119025
0.985698052231601785   0.295366701262383236
